# oST version 5.0 parameters


[image]

width
640

height
480

[narrow_stereo]

camera matrix
431.689220 0.000000 328.169331
0.000000 431.880228 222.031441
0.000000 0.000000 1.000000

distortion
-0.354009 0.106389 -0.000579 -0.001064 0.000000

rectification
1.000000 0.000000 0.000000
0.000000 1.000000 0.000000
0.000000 0.000000 1.000000

projection
327.625610 0.000000 330.535127 0.000000
0.000000 375.231964 215.320904 0.000000
0.000000 0.000000 1.000000 0.000000
